"POLineID","POID","POLineNum","POLineDuration","POLineValue","POLineRValue","POLineRate","POLineStatus","POLineActuals","CPXPercent","OPXPercent","REVPercent"
1,1,"SrNo1",0,0,0,0,"NORMAL PTE",,0,0,0
4,391,"SrNo1",6,8382780,0,8382780,"VALID",,28,21,51
5,5,"SrNo1",0,0,0,0,"FUTURE USE #2",,0,0,0
6,6,"SrNo1",0,0,0,0,"FUTURE USE #3",,0,0,0
7,7,"SrNo1",0,0,0,0,"FUTURE USE #4",,0,0,0
8,8,"SrNo1",0,0,0,0,"FUTURE USE #5",,0,0,0
9,9,"SrNo1",0,0,0,0,"FUTURE USE #6",,0,0,0
10,10,"SrNo1",0,0,0,0,"FUTURE USE #7",,0,0,0
11,22,"SrNo3",7,347368,0,347368,"Valid",,100,0,0
12,22,"SrNo4",7,431452,0,431452,"Valid",,50,50,0
13,22,"SrNo5",7,110320,0,110320,"Valid",,100,0,0
14,22,"SrNo6",7,95928,0,95928,"Valid",,100,0,0
15,22,"SrNo7",7,208950,0,208950,"Valid",,50,50,0
16,23,"SrNo1",6,1647300,0,1647300,"Closed",,28,21,51
17,23,"SrNo2",6,3123648,0,3123648,"Closed",,28,21,51
18,23,"SrNo3",6,2215578,0,2215578,"Closed",,28,21,51
19,24,"SrNo1",7,8457330,0,8457330,"Closed",,0,100,0
20,24,"SrNo3",7,601650,0,601650,"Closed",,100,0,0
21,24,"SrNo4",7,3038210,0,3038210,"Closed",,100,0,0
22,24,"SrNo5",7,666190,0,666190,"Closed",,100,0,0
23,25,"SrNo1",6,2241000,0,2241000,"Valid",,28,21,51
24,25,"SrNo2",6,556140,0,556140,"Closed",,28,21,51
25,25,"SrNo3",6,436080,0,436080,"Closed",,28,21,51
26,25,"SrNo4",6,489600,0,489600,"Closed",,28,21,51
27,25,"SrNo5",6,492480,0,492480,"Closed",,28,21,51
28,26,"SrNo1",6,202020,0,202020,"Valid",,100,0,0
30,26,"SrNo2",6,289230,0,289230,"Valid",,28,21,51
31,26,"SrNo3",6,800640,0,800640,"Valid",,28,21,51
32,26,"SrNo4",6,336810,0,336810,"Valid",,28,21,51
33,26,"SrNo5",6,1226700,0,1226700,"Valid",,28,21,51
34,26,"SrNo6",6,3393540,0,3393540,"Valid",,28,21,51
35,26,"SrNo7",6,1009500,0,1009500,"Valid",,28,21,51
36,26,"SrNo8",6,397440,0,397440,"Valid",,28,21,51
37,26,"SrNo9",6,244500,0,244500,"Valid",,28,21,51
38,26,"SrNo10",6,244500,0,244500,"Valid",,28,21,51
39,26,"SrNo11",6,244500,0,244500,"Valid",,28,21,51
40,27,"SrNo1",6,1093920,0,1093920,"Valid",,0,100,0
41,28,"SrNo1",6,415710,0,415710,"Closed",,100,0,0
42,20,"SrNo1",7,784000,0,784000,"Closed",,0,100,0
43,20,"SrNo2",7,1479450,0,1479450,"Closed",,0,100,0
44,20,"SrNo3",7,238245,0,238245,"Closed",,0,100,0
45,21,"SrNo1",7,530320,0,530320,"Closed",,100,0,0
46,21,"SrNo2",7,4660264,0,4660264,"Closed",,100,0,0
47,21,"SrNo3",7,192500,0,192500,"Closed",,100,0,0
48,21,"SrNo4",7,560000,0,560000,"Closed",,100,0,0
49,21,"SrNo5",7,300979,0,300979,"Closed",,100,0,0
50,22,"SrNo1",7,917861,0,917861,"Valid",,100,0,0
51,22,"SrNo2",7,221928,0,221928,"Valid",,28,21,51
52,30,"SrNo2",6,238650,0,238650,"Closed",,100,0,0
53,30,"SrNo3",6,211566,0,211566,"Closed",,100,0,0
54,31,"SrNo1",6,134784,0,134784,"Valid",,28,21,51
55,32,"SrNo1",6,1358400,0,1358400,"Valid",,100,0,0
56,32,"SrNo2",6,722400,0,722400,"Valid",,100,0,0
57,32,"SrNo3",6,799200,0,799200,"Valid",,100,0,0
58,33,"SrNo1",6,1156200,0,1156200,"Valid",,100,0,0
59,33,"SrNo2",6,438900,0,438900,"Valid",,100,0,0
60,34,"SrNo1",3,435000,0,435000,"Closed",,28,21,51
61,34,"SrNo2",3,5007300,0,5007300,"Closed",,28,21,51
62,35,"SrNo1",3,575397,0,575397,"Closed",,28,21,51
63,35,"SrNo2",3,334212,0,334212,"Closed",,28,21,51
64,36,"SrNo1",12,672000,0,672000,"Valid",,100,0,0
65,37,"SrNo1",6,748800,0,748800,"Closed",,100,0,0
66,38,"SrNo1",12,149760,0,149760,"Closed",,0,100,0
67,39,"SrNo1",6,179400,0,179400,"Valid",,100,0,0
68,39,"SrNo2",6,179400,0,179400,"Valid",,100,0,0
69,40,"SrNo1",6,358800,0,358800,"Valid",,100,0,0
70,41,"SrNo1",7,168000,0,168000,"Closed",,100,0,0
71,42,"SrNo1",7,142800,0,142800,"Closed",,100,0,0
72,43,"SrNo1",7,328860,0,328860,"Closed",,100,0,0
73,44,"SrNo1",7,209300,0,209300,"Closed",,100,0,0
74,44,"SrNo2",7,190029,0,190029,"Closed",,28,21,51
75,45,"SrNo1",12,358800,0,358800,"Valid",,100,0,0
76,45,"SrNo2",12,358800,0,358800,"Valid",,100,0,0
77,46,"SrNo1",6,104322,0,104322,"Valid",,100,0,0
78,47,"SrNo1",6,41004,0,41004,"Closed",,100,0,0
79,47,"SrNo2",6,35550,0,35550,"Closed",,100,0,0
80,47,"SrNo3",6,35550,0,35550,"Closed",,100,0,0
81,48,"SrNo1",6,66240,0,66240,"Valid",,100,0,0
82,48,"SrNo2",6,290880,0,290880,"Valid",,100,0,0
83,49,"SrNo1",6,297780,0,297780,"Valid",,100,0,0
84,49,"SrNo2",6,297780,0,297780,"Valid",,100,0,0
85,50,"SrNo1",6,117558,0,117558,"Valid",,0,100,0
86,50,"SrNo2",6,76554,0,76554,"Valid",,0,100,0
87,50,"SrNo3",6,117558,0,117558,"Valid",,0,100,0
88,51,"SrNo1",6,358440,0,358440,"Closed",,0,100,0
89,51,"SrNo2",6,158220,0,158220,"Closed",,0,100,0
90,51,"SrNo3",6,36600,0,36600,"Closed",,0,100,0
91,51,"SrNo4",6,36600,0,36600,"Closed",,0,100,0
92,52,"SrNo1",6,317040,0,317040,"Valid",,0,100,0
93,52,"SrNo2",6,214020,0,214020,"Valid",,0,100,0
94,52,"SrNo3",6,375000,0,375000,"Valid",,0,100,0
95,52,"SrNo4",6,85020,0,85020,"Valid",,0,100,0
96,52,"SrNo5",6,225300,0,225300,"Valid",,0,100,0
97,52,"SrNo6",6,202020,0,202020,"Valid",,0,100,0
98,53,"SrNo1",6,272520,0,272520,"Valid",,0,100,0
99,53,"SrNo2",6,472644,0,472644,"Valid",,0,100,0
100,53,"SrNo3",6,420000,0,420000,"Valid",,0,100,0
101,53,"SrNo4",6,484044,0,484044,"Valid",,0,100,0
102,53,"SrNo5",6,224322,0,224322,"Valid",,0,100,0
103,54,"SrNo1",6,76554,0,76554,"Valid",,100,0,0
104,54,"SrNo2",6,83100,0,83100,"Valid",,100,0,0
105,54,"SrNo3",6,124104,0,124104,"Valid",,100,0,0
106,54,"SrNo4",6,117558,0,117558,"Valid",,100,0,0
107,54,"SrNo5",6,117558,0,117558,"Valid",,100,0,0
108,55,"SrNo1",2,116000,0,116000,"Closed",,28,21,51
109,56,"SrNo1",2,530000,0,530000,"Closed",,28,21,51
110,56,"SrNo2",2,380000,0,380000,"Closed",,28,21,51
111,57,"SrNo1",2,1000320,0,1000320,"Valid",,28,21,51
112,57,"SrNo2",2,458040,0,458040,"Valid",,28,21,51
113,58,"SrNo1",2,163400,0,163400,"Closed",,28,21,51
114,59,"SrNo1",2,149600,0,149600,"Closed",,28,21,51
115,60,"SrNo1",2,450800,0,450800,"Closed",,28,21,51
116,60,"SrNo2",2,122200,0,122200,"Closed",,28,21,51
117,61,"SrNo1",2,207200,0,207200,"Closed",,28,21,51
118,62,"SrNo1",12,73200,0,73200,"Valid",,100,0,0
119,63,"SrNo1",3,95700,0,95700,"Closed",,28,21,51
120,64,"SrNo1",3,316560,0,316560,"Closed",,28,21,51
121,108,"SrNo1",3,738375,0,738375,"Valid",,28,21,51
122,109,"SrNo1",6,1224000,0,1224000,"Valid",,100,0,0
123,109,"SrNo2",6,1101600,0,1101600,"Valid",,100,0,0
124,109,"SrNo3",6,734400,0,734400,"Valid",,100,0,0
125,109,"SrNo4",6,244800,0,244800,"Valid",,100,0,0
126,109,"SrNo5",6,244800,0,244800,"Valid",,100,0,0
127,110,"SrNo1",6,972000,0,972000,"Valid",,100,0,0
128,110,"SrNo2",6,216000,0,216000,"Valid",,100,0,0
129,111,"SrNo1",3,559491,0,559491,"Valid",,28,21,51
130,112,"SrNo1",2,54000,0,54000,"Closed",,28,21,51
131,112,"SrNo2",2,54000,0,54000,"Closed",,28,21,51
132,113,"SrNo1",2,95000,0,95000,"Valid",,28,21,51
133,113,"SrNo2",2,109800,0,109800,"Valid",,28,21,51
134,114,"SrNo1",3,481170,0,481170,"Closed",,100,0,0
135,115,"SrNo1",3,160500,0,160500,"Valid",,28,21,51
136,116,"SrNo1",2,407162,0,407162,"Valid",,28,21,51
137,116,"SrNo2",2,199244,0,199244,"Valid",,28,21,51
138,117,"SrNo1",2,121164,0,121164,"Valid",,28,21,51
139,117,"SrNo2",2,19520,0,19520,"Valid",,28,21,51
140,117,"SrNo3",2,19520,0,19520,"Valid",,28,21,51
141,117,"SrNo4",2,90212,0,90212,"Valid",,28,21,51
142,118,"SrNo1",6,232020,0,232020,"Valid",,100,0,0
143,119,"SrNo1",2,2863700,0,2863700,"Closed",,28,21,51
144,119,"SrNo2",2,294000,0,294000,"Closed",,28,21,51
145,120,"SrNo1",3,132930,0,132930,"Valid",,100,0,0
146,120,"SrNo2",3,96495,0,96495,"Valid",,100,0,0
147,120,"SrNo3",3,95205,0,95205,"Valid",,100,0,0
148,121,"SrNo1",6,47550,0,47550,"Valid",,100,0,0
149,122,"SrNo2",6,58560,0,58560,"Valid",,0,100,0
150,122,"SrNo3",6,71400,0,71400,"Valid",,0,100,0
151,122,"SrNo4",6,208644,0,208644,"Valid",,0,100,0
152,123,"SrNo2",6,58560,0,58560,"Valid",,0,100,0
153,123,"SrNo3",6,70692,0,70692,"Valid",,0,100,0
154,123,"SrNo4",6,142800,0,142800,"Valid",,0,100,0
155,123,"SrNo5",6,104322,0,104322,"Valid",,0,100,0
156,123,"SrNo6",6,120000,0,120000,"Valid",,0,100,0
157,124,"SrNo1",3,2519307,0,2519307,"Closed",,28,21,51
158,124,"SrNo2",3,2887878,0,2887878,"Closed",,28,21,51
159,124,"SrNo3",3,1507650,0,1507650,"Closed",,28,21,51
160,124,"SrNo4",3,2545926,0,2545926,"Closed",,28,21,51
161,125,"SrNo1",3,74454,0,74454,"Closed",,100,0,0
162,125,"SrNo2",3,50118,0,50118,"Closed",,100,0,0
163,125,"SrNo3",3,50589,0,50589,"Closed",,100,0,0
164,125,"SrNo4",3,54000,0,54000,"Closed",,100,0,0
165,125,"SrNo5",3,120960,0,120960,"Closed",,100,0,0
166,125,"SrNo6",3,69000,0,69000,"Closed",,100,0,0
167,126,"SrNo1",3,37227,0,37227,"Closed",,100,0,0
168,126,"SrNo2",3,82830,0,82830,"Closed",,100,0,0
169,126,"SrNo3",3,98505,0,98505,"Closed",,100,0,0
170,127,"SrNo1",3,47280,0,47280,"Closed",,100,0,0
171,128,"SrNo1",3,120960,0,120960,"Closed",,0,100,0
172,128,"SrNo2",3,111681,0,111681,"Closed",,0,100,0
173,128,"SrNo3",3,87978,0,87978,"Closed",,0,100,0
174,128,"SrNo4",3,101178,0,101178,"Closed",,0,100,0
175,129,"SrNo1",3,29772,0,29772,"Closed",,0,100,0
176,129,"SrNo2",3,102714,0,102714,"Closed",,0,100,0
177,129,"SrNo3",3,39375,0,39375,"Closed",,0,100,0
178,129,"SrNo4",3,90444,0,90444,"Closed",,0,100,0
179,129,"SrNo5",3,381024,0,381024,"Closed",,0,100,0
180,129,"SrNo6",3,115560,0,115560,"Closed",,0,100,0
181,129,"SrNo7",3,144957,0,144957,"Closed",,0,100,0
182,129,"SrNo8",3,59400,0,59400,"Closed",,0,100,0
183,129,"SrNo9",3,74511,0,74511,"Closed",,0,100,0
184,129,"SrNo10",3,248490,0,248490,"Closed",,0,100,0
185,129,"SrNo11",3,34239,0,34239,"Closed",,0,100,0
186,129,"SrNo12",3,63504,0,63504,"Closed",,0,100,0
187,130,"SrNo1",3,292191,0,292191,"Valid",,0,100,0
188,130,"SrNo2",3,221499,0,221499,"Valid",,0,100,0
189,130,"SrNo3",3,712800,0,712800,"Valid",,0,100,0
190,130,"SrNo4",3,266112,0,266112,"Valid",,0,100,0
191,130,"SrNo5",3,74511,0,74511,"Valid",,0,100,0
192,130,"SrNo6",3,248490,0,248490,"Valid",,0,100,0
193,130,"SrNo7",3,268650,0,268650,"Valid",,0,100,0
194,130,"SrNo8",3,75210,0,75210,"Valid",,0,100,0
195,130,"SrNo9",3,151800,0,151800,"Valid",,0,100,0
196,131,"SrNo1",6,1056324,0,1056324,"Valid",,28,21,51
197,132,"SrNo1",12,529620,0,529620,"Valid",,50,50,0
198,133,"SrNo1",6,218040,0,218040,"Valid",,100,0,0
199,133,"SrNo2",6,3497400,0,3497400,"Valid",,100,0,0
200,134,"SrNo1",6,906480,0,906480,"Valid",,28,21,51
201,135,"SrNo1",6,82224,0,82224,"Valid",,100,0,0
202,136,"SrNo1",6,36600,0,36600,"Valid",,100,0,0
203,136,"SrNo2",6,1577370,0,1577370,"Valid",,100,0,0
204,136,"SrNo3",6,66240,0,66240,"Valid",,100,0,0
205,137,"SrNo1",6,159654,0,159654,"Valid",,100,0,0
206,137,"SrNo2",6,104322,0,104322,"Valid",,100,0,0
207,137,"SrNo3",6,104322,0,104322,"Valid",,100,0,0
208,137,"SrNo4",6,336000,0,336000,"Valid",,100,0,0
209,137,"SrNo5",6,104322,0,104322,"Valid",,100,0,0
210,137,"SrNo6",6,208644,0,208644,"Valid",,100,0,0
211,137,"SrNo7",6,175014,0,175014,"Valid",,100,0,0
212,138,"SrNo1",6,2283390,0,2283390,"Valid",,28,21,51
213,138,"SrNo2",6,2254752,0,2254752,"Valid",,28,21,51
214,138,"SrNo3",6,1161288,0,1161288,"Valid",,28,21,51
215,138,"SrNo4",6,762540,0,762540,"Valid",,28,21,51
216,138,"SrNo5",6,585600,0,585600,"Valid",,28,21,51
217,138,"SrNo6",6,1107210,0,1107210,"Valid",,28,21,51
218,138,"SrNo7",6,714000,0,714000,"Valid",,28,21,51
219,138,"SrNo8",6,753288,0,753288,"Valid",,28,21,51
220,138,"SrNo9",6,947364,0,947364,"Valid",,28,21,51
221,138,"SrNo10",6,620982,0,620982,"Valid",,28,21,51
222,138,"SrNo11",6,2085252,0,2085252,"Valid",,28,21,51
223,139,"SrNo1",6,204210,0,204210,"Valid",,50,50,0
224,140,"SrNo1",6,1654260,0,1654260,"Valid",,50,50,0
225,140,"SrNo2",6,103800,0,103800,"Valid",,50,50,0
226,141,"SrNo1",6,236322,0,236322,"Valid",,100,0,0
227,142,"SrNo1",6,94560,0,94560,"Valid",,100,0,0
228,143,"SrNo1",6,695400,0,695400,"Valid",,100,0,0
229,143,"SrNo2",6,1675932,0,1675932,"Valid",,100,0,0
230,143,"SrNo3",6,717600,0,717600,"Valid",,100,0,0
231,144,"SrNo1",6,3278280,0,3278280,"Valid",,100,0,0
232,144,"SrNo2",6,438900,0,438900,"Valid",,100,0,0
233,144,"SrNo3",6,433200,0,433200,"Valid",,100,0,0
234,144,"SrNo4",6,199800,0,199800,"Valid",,100,0,0
235,144,"SrNo5",6,266400,0,266400,"Valid",,100,0,0
236,144,"SrNo6",6,133200,0,133200,"Valid",,100,0,0
237,145,"SrNo1",6,472644,0,472644,"Valid",,100,0,0
238,145,"SrNo2",6,165000,0,165000,"Valid",,100,0,0
239,146,"SrNo1",6,120960,0,120960,"Valid",,100,0,0
240,147,"SrNo1",6,120960,0,120960,"Valid",,100,0,0
241,148,"SrNo1",6,520044,0,520044,"Valid",,100,0,0
242,148,"SrNo2",6,58560,0,58560,"Valid",,100,0,0
243,149,"SrNo1",12,703560,0,703560,"Valid",,0,100,0
244,149,"SrNo2",12,132480,0,132480,"Valid",,0,100,0
245,149,"SrNo3",12,132480,0,132480,"Valid",,0,100,0
246,150,"SrNo1",6,1097922,0,1097922,"Valid",,100,0,0
247,150,"SrNo2",6,1819200,0,1819200,"Valid",,100,0,0
248,150,"SrNo3",6,1031766,0,1031766,"Valid",,100,0,0
249,150,"SrNo4",6,1304088,0,1304088,"Valid",,100,0,0
250,150,"SrNo5",6,84000,0,84000,"Valid",,100,0,0
251,150,"SrNo6",6,155550,0,155550,"Valid",,100,0,0
252,150,"SrNo7",6,104322,0,104322,"Valid",,100,0,0
253,150,"SrNo8",6,300000,0,300000,"Valid",,100,0,0
254,150,"SrNo9",6,358800,0,358800,"Valid",,100,0,0
255,150,"SrNo10",6,153108,0,153108,"Valid",,100,0,0
256,150,"SrNo11",6,256104,0,256104,"Valid",,100,0,0
257,150,"SrNo12",6,1189086,0,1189086,"Valid",,100,0,0
258,150,"SrNo13",6,1251354,0,1251354,"Valid",,100,0,0
259,151,"SrNo1",6,2329680,0,2329680,"Valid",,100,0,0
260,151,"SrNo2",6,361800,0,361800,"Valid",,100,0,0
261,151,"SrNo3",6,392400,0,392400,"Valid",,100,0,0
262,151,"SrNo4",6,850200,0,850200,"Valid",,100,0,0
263,151,"SrNo5",6,392400,0,392400,"Valid",,100,0,0
264,152,"SrNo1",6,559944,0,559944,"Valid",,100,0,0
265,152,"SrNo2",6,442674,0,442674,"Valid",,100,0,0
266,152,"SrNo3",6,108000,0,108000,"Valid",,100,0,0
267,152,"SrNo4",6,338988,0,338988,"Valid",,100,0,0
268,152,"SrNo5",6,214488,0,214488,"Valid",,100,0,0
269,152,"SrNo6",6,505680,0,505680,"Valid",,100,0,0
270,152,"SrNo7",6,71496,0,71496,"Valid",,100,0,0
271,152,"SrNo8",6,340002,0,340002,"Valid",,100,0,0
272,152,"SrNo9",6,937194,0,937194,"Valid",,100,0,0
273,152,"SrNo10",6,525048,0,525048,"Valid",,100,0,0
274,152,"SrNo11",6,471216,0,471216,"Valid",,100,0,0
275,153,"SrNo1",6,1626480,0,1626480,"Valid",,100,0,0
276,153,"SrNo2",6,122400,0,122400,"Valid",,100,0,0
277,153,"SrNo3",6,324540,0,324540,"Valid",,100,0,0
278,153,"SrNo4",6,2355300,0,2355300,"Valid",,100,0,0
279,153,"SrNo5",6,1298340,0,1298340,"Valid",,100,0,0
280,153,"SrNo6",6,1143900,0,1143900,"Valid",,100,0,0
281,153,"SrNo7",6,830040,0,830040,"Valid",,100,0,0
282,153,"SrNo8",6,122400,0,122400,"Valid",,100,0,0
283,153,"SrNo9",6,2249340,0,2249340,"Valid",,100,0,0
284,153,"SrNo10",6,2235780,0,2235780,"Valid",,100,0,0
285,153,"SrNo11",6,2642580,0,2642580,"Valid",,100,0,0
286,154,"SrNo1",6,843594,0,843594,"Valid",,50,50,0
287,154,"SrNo2",6,388086,0,388086,"Valid",,50,50,0
288,154,"SrNo3",6,601464,0,601464,"Valid",,50,50,0
289,154,"SrNo4",6,450156,0,450156,"Valid",,50,50,0
290,155,"SrNo1",6,71496,0,71496,"Valid",,100,0,0
291,156,"SrNo1",6,95100,0,95100,"PO Not Started",,28,21,51
292,156,"SrNo2",6,273300,0,273300,"PO Not Started",,28,21,51
293,156,"SrNo3",6,363264,0,363264,"PO Not Started",,28,21,51
294,156,"SrNo4",6,8345772,0,8345772,"PO Not Started",,28,21,51
295,156,"SrNo5",6,2708904,0,2708904,"PO Not Started",,28,21,51
296,156,"SrNo6",6,1907112,0,1907112,"PO Not Started",,28,21,51
297,156,"SrNo7",6,104322,0,104322,"PO Not Started",,28,21,51
298,156,"SrNo8",6,285000,0,285000,"PO Not Started",,28,21,51
299,156,"SrNo9",6,1443948,0,1443948,"PO Not Started",,28,21,51
300,156,"SrNo10",6,3915264,0,3915264,"PO Not Started",,28,21,51
301,156,"SrNo11",6,797058,0,797058,"PO Not Started",,28,21,51
302,156,"SrNo12",6,1027248,0,1027248,"PO Not Started",,28,21,51
303,157,"SrNo1",6,3358980,0,3358980,"PO Not Started",,28,21,51
304,157,"SrNo2",6,899100,0,899100,"PO Not Started",,28,21,51
305,157,"SrNo3",6,766800,0,766800,"PO Not Started",,28,21,51
306,157,"SrNo4",6,244500,0,244500,"PO Not Started",,28,21,51
307,157,"SrNo5",6,1892040,0,1892040,"PO Not Started",,28,21,51
308,157,"SrNo6",6,324000,0,324000,"PO Not Started",,28,21,51
309,157,"SrNo7",6,2704470,0,2704470,"PO Not Started",,28,21,51
310,157,"SrNo8",6,36600,0,36600,"PO Not Started",,28,21,51
311,157,"SrNo9",6,244500,0,244500,"PO Not Started",,28,21,51
312,158,"SrNo1",6,191400,0,191400,"Valid",,28,21,51
313,158,"SrNo2",6,882000,0,882000,"Valid",,28,21,51
314,158,"SrNo3",6,120000,0,120000,"Valid",,28,21,51
315,158,"SrNo4",6,4701000,0,4701000,"Valid",,28,21,51
316,158,"SrNo5",6,3306600,0,3306600,"Valid",,28,21,51
317,159,"SrNo1",6,642000,0,642000,"Valid",,28,21,51
318,160,"SrNo1",6,102000,0,102000,"Valid",,28,21,51
319,161,"SrNo1",6,78000,0,78000,"Valid",,100,0,0
320,162,"SrNo1",6,49200,0,49200,"Valid",,100,0,0
321,163,"SrNo1",6,2472546,0,2472546,"PO Not Started",,28,21,51
322,163,"SrNo2",6,1375812,0,1375812,"PO Not Started",,28,21,51
323,163,"SrNo3",6,700140,0,700140,"PO Not Started",,28,21,51
324,163,"SrNo4",6,1336182,0,1336182,"PO Not Started",,28,21,51
325,163,"SrNo5",6,295014,0,295014,"PO Not Started",,28,21,51
326,163,"SrNo6",6,1333578,0,1333578,"PO Not Started",,28,21,51
327,163,"SrNo7",6,690174,0,690174,"PO Not Started",,28,21,51
328,163,"SrNo8",6,959508,0,959508,"PO Not Started",,28,21,51
329,163,"SrNo9",6,179100,0,179100,"PO Not Started",,28,21,51
330,163,"SrNo10",6,508026,0,508026,"PO Not Started",,28,21,51
331,163,"SrNo11",6,522162,0,522162,"PO Not Started",,28,21,51
332,163,"SrNo12",6,248280,0,248280,"PO Not Started",,28,21,51
333,163,"SrNo13",6,94560,0,94560,"PO Not Started",,28,21,51
334,164,"SrNo1",6,2870904,0,2870904,"Valid",,28,21,51
335,164,"SrNo2",6,2216328,0,2216328,"Valid",,28,21,51
336,164,"SrNo3",6,155856,0,155856,"Valid",,28,21,51
337,164,"SrNo4",6,145872,0,145872,"Valid",,28,21,51
338,164,"SrNo5",6,516576,0,516576,"Valid",,28,21,51
339,164,"SrNo6",6,684576,0,684576,"Valid",,28,21,51
340,164,"SrNo7",6,306000,0,306000,"Valid",,28,21,51
341,164,"SrNo8",6,306000,0,306000,"Valid",,28,21,51
342,165,"SrNo1",6,104322,0,104322,"Valid",,50,50,0
343,166,"SrNo1",6,179100,0,179100,"Valid",,50,50,0
344,166,"SrNo2",6,369816,0,369816,"Valid",,50,50,0
345,167,"SrNo1",3,52161,0,52161,"Valid",,100,0,0
346,168,"SrNo1",6,423000,0,423000,"Valid",,100,0,0
347,169,"SrNo1",6,1101270,0,1101270,"Valid",,28,21,51
348,170,"SrNo1",6,488688,0,488688,"Valid",,28,21,51
349,171,"SrNo1",6,382320,0,382320,"Valid",,28,21,51
350,171,"SrNo2",6,141240,0,141240,"Valid",,28,21,51
351,171,"SrNo3",6,610800,0,610800,"Valid",,28,21,51
352,171,"SrNo4",6,81240,0,81240,"Valid",,28,21,51
353,171,"SrNo5",6,342300,0,342300,"Valid",,28,21,51
354,171,"SrNo6",6,248700,0,248700,"Valid",,28,21,51
355,172,"SrNo1",6,415710,0,415710,"Valid",,100,0,0
356,172,"SrNo2",6,141120,0,141120,"Valid",,100,0,0
357,172,"SrNo3",6,123840,0,123840,"Valid",,100,0,0
358,173,"SrNo1",6,122400,0,122400,"Valid",,100,0,0
359,173,"SrNo2",6,125520,0,125520,"Valid",,100,0,0
360,173,"SrNo3",6,445500,0,445500,"Valid",,100,0,0
361,65,"SrNo1",3,1132500,0,1132500,"Valid",,100,0,0
362,66,"SrNo1",6,259620,0,259620,"Valid",,50,50,0
363,66,"SrNo2",6,433620,0,433620,"Valid",,50,50,0
364,66,"SrNo3",6,608310,0,608310,"Valid",,50,50,0
365,67,"SrNo1",6,556866,0,556866,"Valid",,50,50,0
366,68,"SrNo1",6,176784,0,176784,"Valid",,50,50,0
367,68,"SrNo2",6,310080,0,310080,"Valid",,50,50,0
368,69,"SrNo1",12,1031004,0,1031004,"Valid",,0,100,0
369,70,"SrNo1",6,250140,0,250140,"Valid",,28,21,51
370,70,"SrNo2",6,120960,0,120960,"Valid",,28,21,51
371,71,"SrNo1",6,136500,0,136500,"Valid",,28,21,51
372,71,"SrNo2",6,122400,0,122400,"Valid",,28,21,51
373,72,"SrNo1",6,104322,0,104322,"Valid",,100,0,0
374,72,"SrNo2",6,84000,0,84000,"Valid",,100,0,0
375,72,"SrNo3",6,84000,0,84000,"Valid",,100,0,0
376,73,"SrNo1",12,288000,0,288000,"Valid",,100,0,0
377,74,"SrNo1",6,3360000,0,3360000,"Valid",,28,21,51
378,74,"SrNo2",6,4053000,0,4053000,"Valid",,28,21,51
379,74,"SrNo3",6,1164000,0,1164000,"Valid",,28,21,51
380,74,"SrNo4",6,936000,0,936000,"Valid",,28,21,51
381,74,"SrNo5",6,144000,0,144000,"Valid",,28,21,51
382,74,"SrNo6",6,132000,0,132000,"Valid",,28,21,51
383,74,"SrNo7",6,186000,0,186000,"Valid",,28,21,51
384,74,"SrNo8",6,54000,0,54000,"Valid",,28,21,51
385,74,"SrNo9",6,66000,0,66000,"Valid",,28,21,51
386,74,"SrNo10",6,54000,0,54000,"Valid",,28,21,51
387,74,"SrNo11",6,54000,0,54000,"Valid",,28,21,51
388,74,"SrNo12",6,378000,0,378000,"Valid",,28,21,51
389,74,"SrNo13",6,378000,0,378000,"Valid",,28,21,51
390,75,"SrNo1",6,2804172,0,2804172,"Valid",,0,100,0
391,76,"SrNo1",6,2546808,0,2546808,"Valid",,0,100,0
392,77,"SrNo1",6,1012080,0,1012080,"Valid",,0,100,0
393,77,"SrNo2",6,736020,0,736020,"Valid",,0,100,0
394,78,"SrNo1",6,1209300,0,1209300,"Valid",,0,100,0
395,79,"SrNo1",6,202020,0,202020,"Valid",,0,100,0
396,79,"SrNo2",6,2602770,0,2602770,"Valid",,0,100,0
397,80,"SrNo1",6,311670,0,311670,"Valid",,0,100,0
398,81,"SrNo1",6,1246500,0,1246500,"Valid",,0,100,0
399,81,"SrNo2",6,165660,0,165660,"Valid",,0,100,0
400,81,"SrNo3",6,97398,0,97398,"Valid",,0,100,0
401,82,"SrNo1",6,2337720,0,2337720,"Valid",,0,100,0
402,83,"SrNo1",6,2024640,0,2024640,"Valid",,0,100,0
403,84,"SrNo1",6,506304,0,506304,"Valid",,0,100,0
404,85,"SrNo1",6,94560,0,94560,"Valid",,0,100,0
405,86,"SrNo1",6,691722,0,691722,"PO Not Started",,0,100,0
406,86,"SrNo2",6,1093932,0,1093932,"PO Not Started",,0,100,0
407,86,"SrNo3",6,104322,0,104322,"PO Not Started",,0,100,0
408,86,"SrNo4",6,780894,0,780894,"PO Not Started",,0,100,0
409,86,"SrNo5",6,71400,0,71400,"PO Not Started",,0,100,0
410,87,"SrNo1",6,1010400,0,1010400,"Valid",,100,0,0
411,87,"SrNo2",6,836400,0,836400,"Valid",,100,0,0
412,88,"SrNo1",8,1164800,0,1164800,"Valid",,100,0,0
413,89,"SrNo1",6,135474,0,135474,"Valid",,0,100,0
414,90,"SrNo1",6,1409100,0,1409100,"Valid",,100,0,0
415,91,"SrNo1",6,1016700,0,1016700,"Valid",,0,100,0
416,91,"SrNo2",6,696600,0,696600,"Valid",,0,100,0
417,92,"SrNo1",12,4980000,0,4980000,"Valid",,100,0,0
418,93,"SrNo1",6,82224,0,82224,"Valid",,50,50,0
419,94,"SrNo1",6,861000,0,861000,"Valid",,100,0,0
420,95,"SrNo1",6,480000,0,480000,"Valid",,28,21,51
421,95,"SrNo2",6,342000,0,342000,"Valid",,28,21,51
422,96,"SrNo1",6,1239060,0,1239060,"PO Not Started",,28,21,51
423,96,"SrNo2",6,1174500,0,1174500,"PO Not Started",,28,21,51
424,96,"SrNo3",6,1247100,0,1247100,"PO Not Started",,28,21,51
425,97,"SrNo1",6,490200,0,490200,"Valid",,28,21,51
426,97,"SrNo2",6,135000,0,135000,"Valid",,28,21,51
427,98,"SrNo1",6,2137200,0,2137200,"PO Not Started",,28,21,51
428,99,"SrNo1",6,449808,0,449808,"PO Not Started",,28,21,51
429,99,"SrNo2",6,349200,0,349200,"PO Not Started",,28,21,51
430,100,"SrNo1",6,448800,0,448800,"Valid",,28,21,51
431,100,"SrNo2",6,210000,0,210000,"Valid",,28,21,51
432,101,"SrNo1",6,621600,0,621600,"Valid",,28,21,51
433,101,"SrNo2",6,177000,0,177000,"Valid",,28,21,51
434,102,"SrNo1",6,777924,0,777924,"Valid",,28,21,51
435,102,"SrNo2",6,3268050,0,3268050,"Valid",,28,21,51
436,102,"SrNo3",6,4538454,0,4538454,"Valid",,28,21,51
437,102,"SrNo4",6,1125000,0,1125000,"Valid",,28,21,51
438,102,"SrNo5",6,1125000,0,1125000,"Valid",,28,21,51
439,102,"SrNo6",6,900000,0,900000,"Valid",,28,21,51
440,102,"SrNo7",6,3179322,0,3179322,"Valid",,28,21,51
441,102,"SrNo8",6,154692,0,154692,"Valid",,28,21,51
442,102,"SrNo9",6,424860,0,424860,"Valid",,28,21,51
443,102,"SrNo10",6,1350000,0,1350000,"Valid",,28,21,51
444,103,"SrNo1",6,54600,0,54600,"Valid",,28,21,51
445,103,"SrNo2",6,109200,0,109200,"Valid",,28,21,51
446,103,"SrNo3",6,844800,0,844800,"Valid",,28,21,51
447,103,"SrNo4",6,261000,0,261000,"Valid",,28,21,51
448,103,"SrNo5",6,710400,0,710400,"Valid",,28,21,51
449,104,"SrNo1",6,2508000,0,2508000,"Valid",,28,21,51
450,104,"SrNo2",6,630000,0,630000,"Valid",,28,21,51
451,104,"SrNo3",6,222000,0,222000,"Valid",,28,21,51
452,105,"SrNo1",6,993672,0,993672,"Valid",,28,21,51
453,105,"SrNo2",6,739794,0,739794,"Valid",,28,21,51
454,105,"SrNo3",6,9583488,0,9583488,"Valid",,28,21,51
455,105,"SrNo4",6,219480,0,219480,"Valid",,28,21,51
456,105,"SrNo5",6,3710706,0,3710706,"Valid",,28,21,51
457,105,"SrNo6",6,468576,0,468576,"Valid",,28,21,51
458,106,"SrNo1",6,465468,0,465468,"Valid",,0,100,0
459,107,"SrNo1",12,267684,0,267684,"PO Not Started",,0,100,0
460,28,"SrNo2",6,264960,0,264960,"Closed",,100,0,0
461,29,"SrNo1",6,815040,0,815040,"Closed",,100,0,0
462,29,"SrNo2",6,460800,0,460800,"Closed",,100,0,0
463,29,"SrNo3",6,776220,0,776220,"Closed",,100,0,0
464,29,"SrNo4",6,57600,0,57600,"Closed",,100,0,0
465,30,"SrNo1",6,112104,0,112104,"Closed",,100,0,0
466,11,"SrNo1",6,1151394,0,1151394,"Closed",,28,21,51
467,11,"SrNo2",6,719148,0,719148,"Closed",,28,21,51
468,11,"SrNo3",6,1038252,0,1038252,"Closed",,28,21,51
469,12,"SrNo1",6,1864764,0,1864764,"Closed",,28,21,51
470,13,"SrNo1",6,66240,0,66240,"Closed",,100,0,0
471,14,"SrNo1",6,382416,0,382416,"Valid",,28,21,51
472,14,"SrNo2",6,600120,0,600120,"Valid",,28,21,51
473,15,"SrNo1",7,727300,0,727300,"Closed",,100,0,0
474,15,"SrNo2",7,1068200,0,1068200,"Closed",,100,0,0
475,15,"SrNo3",7,686700,0,686700,"Closed",,100,0,0
476,16,"SrNo1",6,1046784,0,1046784,"Valid",,28,21,51
477,16,"SrNo2",6,261432,0,261432,"Valid",,28,21,51
478,17,"SrNo1",6,1660560,0,1660560,"Valid",,28,21,51
479,17,"SrNo2",6,1230840,0,1230840,"Valid",,28,21,51
480,17,"SrNo3",6,471720,0,471720,"Valid",,28,21,51
481,17,"SrNo4",6,1251060,0,1251060,"Valid",,28,21,51
482,17,"SrNo5",6,1239060,0,1239060,"Valid",,28,21,51
483,18,"SrNo1",3,2046702,0,2046702,"Valid",,28,21,51
484,18,"SrNo2",3,1245000,0,1245000,"Valid",,28,21,51
485,18,"SrNo3",3,840588,0,840588,"Valid",,28,21,51
486,18,"SrNo4",3,218730,0,218730,"Valid",,28,21,51
487,18,"SrNo5",3,176730,0,176730,"Valid",,28,21,51
488,18,"SrNo6",3,1705029,0,1705029,"Valid",,28,21,51
489,18,"SrNo7",3,414432,0,414432,"Valid",,28,21,51
490,18,"SrNo8",3,1634025,0,1634025,"Valid",,28,21,51
491,19,"SrNo1",7,506380,0,506380,"Closed",,28,21,51
492,19,"SrNo2",7,1398495,0,1398495,"Closed",,100,0,0
493,174,"SrNo1",6,301854,0,301854,"Valid",0,100,0,0
494,202,"SrNo1",51600,619200,0,619200,"Valid",0,0,100,0
495,175,"SrNo1",6,726300,0,726300,"VALID",0,28,21,51
496,175,"SrNo2",6,102600,0,102600,"VALID",0,28,21,51
497,175,"SrNo3",6,395400,0,395400,"VALID",0,28,21,51
498,175,"SrNo4",6,102600,0,102600,"VALID",0,28,21,51
499,175,"SrNo5",6,792000,0,792000,"VALID",0,28,21,51
500,175,"SrNo6",6,108000,0,108000,"VALID",0,28,21,51
501,175,"SrNo7",6,96000,0,96000,"VALID",0,28,21,51
502,175,"SrNo8",6,176400,0,176400,"VALID",0,28,21,51
503,175,"SrNo9",6,42600,0,42600,"VALID",0,28,21,51
504,175,"SrNo10",6,54000,0,54000,"VALID",0,28,21,51
505,175,"SrNo11",6,42600,0,42600,"VALID",0,28,21,51
532,177,"SrNo1",6,1337796,0,1337796,"VALID",0,28,21,51
533,177,"SrNo2",6,1749936,0,1749936,"VALID",0,28,21,51
534,177,"SrNo3",6,1127394,0,1127394,"VALID",0,28,21,51
535,177,"SrNo4",6,205338,0,205338,"VALID",0,28,21,51
536,177,"SrNo5",6,196092,0,196092,"VALID",0,28,21,51
537,177,"SrNo6",6,125724,0,125724,"VALID",0,28,21,51
538,177,"SrNo7",6,1961160,0,1961160,"VALID",0,28,21,51
539,177,"SrNo8",6,78132,0,78132,"VALID",0,28,21,51
540,177,"SrNo9",6,39066,0,39066,"VALID",0,28,21,51
541,177,"SrNo10",6,39066,0,39066,"VALID",0,28,21,51
542,177,"SrNo11",6,131076,0,131076,"VALID",0,28,21,51
543,177,"SrNo12",6,95292,0,95292,"VALID",0,28,21,51
544,177,"SrNo13",6,186396,0,186396,"VALID",0,28,21,51
545,177,"SrNo14",6,192258,0,192258,"VALID",0,28,21,51
546,177,"SrNo15",6,132264,0,132264,"VALID",0,28,21,51
547,177,"SrNo16",6,82224,0,82224,"VALID",0,28,21,51
548,177,"SrNo17",6,142236,0,142236,"VALID",0,28,21,51
549,177,"SrNo18",6,88104,0,88104,"VALID",0,28,21,51
550,177,"SrNo19",6,88104,0,88104,"VALID",0,28,21,51
551,177,"SrNo20",6,33972,0,33972,"VALID",0,28,21,51
552,177,"SrNo21",6,44928,0,44928,"VALID",0,28,21,51
553,177,"SrNo22",6,54132,0,54132,"VALID",0,28,21,51
554,177,"SrNo23",6,5413,0,5413,"VALID",0,28,21,51
555,177,"SrNo24",6,5413,0,5413,"VALID",0,28,21,51
556,177,"SrNo25",6,88104,0,88104,"VALID",0,28,21,51
557,177,"SrNo26",6,44928,0,44928,"VALID",0,28,21,51
558,178,"SrNo1",6,2127072,0,2127072,"VALID",0,28,21,51
559,178,"SrNo2",6,5176344,0,5176344,"VALID",0,28,21,51
560,178,"SrNo3",6,221400,0,221400,"VALID",0,28,21,51
561,178,"SrNo4",6,36300,0,36300,"VALID",0,28,21,51
562,178,"SrNo5",6,108900,0,108900,"VALID",0,28,21,51
563,178,"SrNo6",6,108900,0,108900,"VALID",0,28,21,51
564,178,"SrNo7",6,372300,0,372300,"VALID",0,28,21,51
565,178,"SrNo8",6,588900,0,588900,"VALID",0,28,21,51
566,178,"SrNo9",6,588900,0,588900,"VALID",0,28,21,51
567,178,"SrNo10",6,696600,0,696600,"VALID",0,28,21,51
568,178,"SrNo11",6,79560,0,79560,"VALID",0,28,21,51
569,178,"SrNo12",6,83460,0,83460,"VALID",0,28,21,51
570,178,"SrNo13",6,79560,0,79560,"VALID",0,28,21,51
571,178,"SrNo14",6,79560,0,79560,"VALID",0,28,21,51
572,178,"SrNo15",6,72600,0,72600,"VALID",0,28,21,51
573,178,"SrNo16",6,70620,0,70620,"VALID",0,28,21,51
574,178,"SrNo17",6,43878,0,43878,"VALID",0,28,21,51
575,178,"SrNo18",6,38115,0,38115,"VALID",0,28,21,51
576,178,"SrNo19",6,42600,0,42600,"VALID",0,28,21,51
577,178,"SrNo20",6,106260,0,106260,"VALID",0,28,21,51
578,178,"SrNo21",6,118800,0,118800,"VALID",0,28,21,51
579,178,"SrNo22",6,259380,0,259380,"VALID",0,28,21,51
580,178,"SrNo23",6,160260,0,160260,"VALID",0,28,21,51
581,178,"SrNo24",6,59400,0,59400,"VALID",0,28,21,51
582,178,"SrNo25",6,46860,0,46860,"VALID",0,28,21,51
583,178,"SrNo26",6,46860,0,46860,"VALID",0,28,21,51
584,178,"SrNo27",6,93720,0,93720,"VALID",0,28,21,51
585,179,"SrNo1",6,8962200,0,8962200,"VALID",0,28,21,51
586,180,"SrNo1",6,9388200,0,9388200,"VALID",0,28,21,51
587,180,"SrNo2",6,371400,0,371400,"VALID",0,28,21,51
588,180,"SrNo3",6,261600,0,261600,"VALID",0,28,21,51
589,180,"SrNo4",6,1586100,0,1586100,"VALID",0,28,21,51
590,180,"SrNo5",6,208800,0,208800,"VALID",0,28,21,51
591,180,"SrNo6",6,78000,0,78000,"VALID",0,28,21,51
592,180,"SrNo7",6,156000,0,156000,"VALID",0,28,21,51
593,181,"SrNo1",6,186000,0,186000,"VALID",0,28,21,51
594,181,"SrNo2",6,126300,0,126300,"VALID",0,28,21,51
595,181,"SrNo3",6,120300,0,120300,"VALID",0,28,21,51
596,181,"SrNo4",6,919800,0,919800,"VALID",0,28,21,51
597,181,"SrNo5",6,9558600,0,9558600,"VALID",0,28,21,51
598,181,"SrNo6",6,1803600,0,1803600,"VALID",0,28,21,51
599,182,"SrNo1",6,10242054,0,10242054,"VALID",0,28,21,51
600,183,"SrNo1",6,173460,0,173460,"VALID",0,0,100,0
601,183,"SrNo2",6,71496,0,71496,"VALID",0,0,100,0
602,183,"SrNo3",6,71496,0,71496,"VALID",0,0,100,0
603,183,"SrNo4",6,67944,0,67944,"VALID",0,0,100,0
604,183,"SrNo5",6,321762,0,321762,"VALID",0,0,100,0
605,184,"SrNo1",6,2415054,0,2415054,"VALID",0,0,100,0
606,184,"SrNo2",6,2141820,0,2141820,"VALID",0,0,100,0
607,184,"SrNo3",6,1619904,0,1619904,"VALID",0,0,100,0
608,184,"SrNo4",6,1569228,0,1569228,"VALID",0,0,100,0
609,184,"SrNo5",6,2827896,0,2827896,"VALID",0,0,100,0
610,184,"SrNo6",6,2953620,0,2953620,"VALID",0,0,100,0
611,184,"SrNo7",6,854568,0,854568,"VALID",0,0,100,0
612,184,"SrNo8",6,773688,0,773688,"VALID",0,0,100,0
613,184,"SrNo9",6,1453836,0,1453836,"VALID",0,0,100,0
614,184,"SrNo10",6,2047734,0,2047734,"VALID",0,0,100,0
615,184,"SrNo11",6,2445000,0,2445000,"VALID",0,0,100,0
616,185,"SrNo1",6,2338362,0,2338362,"VALID",0,0,100,0
617,185,"SrNo2",6,1345890,0,1345890,"VALID",0,0,100,0
618,185,"SrNo3",6,3040062,0,3040062,"VALID",0,0,100,0
619,185,"SrNo4",6,2439366,0,2439366,"VALID",0,0,100,0
620,185,"SrNo5",6,1115172,0,1115172,"VALID",0,0,100,0
623,186,"SrNo1",6,368616,0,368616,"VALID",0,0,100,0
624,186,"SrNo2",6,274056,0,274056,"VALID",0,0,100,0
625,186,"SrNo3",6,496482,0,496482,"VALID",0,0,100,0
626,186,"SrNo4",6,387486,0,387486,"VALID",0,0,100,0
628,188,"SrNo1",6,7157628,0,7157628,"Valid",0,28,21,51
629,189,"SrNo1",6,423000,0,423000,"Valid",0,100,0,0
630,190,"SrNo1",6,117000,0,117000,"VALID",0,50,50,0
631,190,"SrNo2",6,117000,0,117000,"VALID",0,50,50,0
632,190,"SrNo3",6,117000,0,117000,"VALID",0,50,50,0
633,190,"SrNo4",6,442200,0,442200,"VALID",0,50,50,0
634,190,"SrNo5",6,442200,0,442200,"VALID",0,50,50,0
635,190,"SrNo6",6,442200,0,442200,"VALID",0,50,50,0
636,191,"SrNo1",3,27900,0,27900,"Valid",0,100,0,0
637,192,"SrNo1",4,90316,0,90316,"VALID",0,100,0,0
638,193,"SrNo1",6,568200,0,568200,"VALID",0,100,0,0
639,194,"SrNo1",7,369950,0,369950,"VALID",0,28,21,51
640,194,"SrNo2",7,681590,0,681590,"VALID",0,28,21,51
641,194,"SrNo3",7,110320,0,110320,"VALID",0,28,21,51
642,194,"SrNo4",7,268373,0,268373,"VALID",0,28,21,51
643,195,"SrNo1",6,144000,0,144000,"VALID",0,50,50,0
644,196,"SrNo1",12,1173960,0,1173960,"VALID",0,0,100,0
645,197,"SrNo1",6,730800,0,730800,"VALID",0,0,100,0
646,198,"SrNo1",5,2550000,0,2550000,"VALID",0,0,100,0
647,199,"SrNo1",6,1150362,0,1150362,"Valid",0,28,21,51
648,199,"SrNo2",6,1279476,0,1279476,"Valid",0,28,21,51
649,199,"SrNo3",6,1249614,0,1249614,"Valid",0,28,21,51
650,199,"SrNo4",6,205338,0,205338,"Valid",0,28,21,51
651,199,"SrNo5",6,169092,0,169092,"Valid",0,28,21,51
652,199,"SrNo6",6,133842,0,133842,"Valid",0,28,21,51
653,199,"SrNo7",6,135888,0,135888,"Valid",0,28,21,51
654,199,"SrNo8",6,101916,0,101916,"Valid",0,28,21,51
655,199,"SrNo9",6,140982,0,140982,"Valid",0,28,21,51
656,199,"SrNo10",6,117966,0,117966,"Valid",0,28,21,51
657,199,"SrNo11",6,262440,0,262440,"Valid",0,28,21,51
658,199,"SrNo12",6,117966,0,117966,"Valid",0,28,21,51
659,199,"SrNo13",6,108264,0,108264,"Valid",0,28,21,51
660,199,"SrNo14",6,108264,0,108264,"Valid",0,28,21,51
661,199,"SrNo15",6,209580,0,209580,"Valid",0,28,21,51
662,199,"SrNo16",6,88104,0,88104,"Valid",0,28,21,51
663,199,"SrNo17",6,33972,0,33972,"Valid",0,28,21,51
664,199,"SrNo18",6,112872,0,112872,"Valid",0,28,21,51
665,199,"SrNo19",6,71592,0,71592,"Valid",0,28,21,51
666,199,"SrNo20",6,39066,0,39066,"Valid",0,28,21,51
667,199,"SrNo21",6,62250,0,62250,"Valid",0,28,21,51
668,199,"SrNo22",6,54132,0,54132,"Valid",0,28,21,51
669,199,"SrNo23",6,89856,0,89856,"Valid",0,28,21,51
670,199,"SrNo24",6,33972,0,33972,"Valid",0,28,21,51
671,199,"SrNo25",6,39066,0,39066,"Valid",0,28,21,51
672,199,"SrNo26",6,39066,0,39066,"Valid",0,28,21,51
674,187,"SrNo1",6,1068908,,1068908,"Valid",,28,21,51
675,187,"SrNo2",6,1576200,,1576200,"Valid",,28,21,51
676,187,"SrNo3",6,1302600,,1302600,"Valid",,28,21,51
677,187,"SrNo4",6,54000,,54000,"Valid",,28,21,51
678,187,"SrNo5",6,132000,,132000,"Valid",,28,21,51
679,187,"SrNo6",6,54000,,54000,"Valid",,28,21,51
680,187,"SrNo7",6,42000,,42000,"Valid",,28,21,51
681,187,"SrNo8",6,42000,,42000,"Valid",,28,21,51
682,187,"SrNo9",6,14400,,14400,"Valid",,28,21,51
683,187,"SrNo10",6,138000,,138000,"Valid",,28,21,51
684,187,"SrNo11",6,84000,,84000,"Valid",,28,21,51
685,187,"SrNo12",6,180000,,180000,"Valid",,28,21,51
686,187,"SrNo13",6,42000,,42000,"Valid",,28,21,51
687,187,"SrNo14",6,42000,,42000,"Valid",,28,21,51
688,187,"SrNo15",6,78000,,78000,"Valid",,28,21,51
689,187,"SrNo16",6,36000,,36000,"Valid",,28,21,51
690,187,"SrNo17",6,36000,,36000,"Valid",,28,21,51
691,187,"SrNo18",6,66000,,66000,"Valid",,28,21,51
692,187,"SrNo19",6,162000,,162000,"Valid",,28,21,51
693,187,"SrNo20",6,54000,,54000,"Valid",,28,21,51
694,200,"SrNo1",6,103200,0,103200,"VALID",0,100,0,0
695,201,"SrNo1",6,282000,0,282000,"Valid",0,28,21,51
696,201,"SrNo2",6,386322,0,386322,"Valid",0,28,21,51
697,204,"SrNo2",6,135600,0,135600,"valid",0,0,100,0
698,204,"SrNo3",6,114600,0,114600,"valid",0,0,100,0
700,176,"SrNo1",9,350613,0,350613,"VALID",0,100,0,0
701,203,"SrNo1",9,556884,0,556884,"VALID",0,100,0,0
702,205,"SrNo1",12,132480,0,132480,"VALID",0,100,0,0
703,227,"SrNo1",6,2977830,0,2977830,"VALID",0,0,100,0
704,228,"SrNo1",6,142992,0,142992,"VALID",0,28,21,51
705,225,"SrNo1",6,420000,0,420000,"Valid",0,0,100,0
709,206,"SRNO1",6,135474,0,135474,"VALID",0,100,0,0
710,207,"SRNO1",6,415710,0,415710,"VALID",0,100,0,0
711,207,"SRNO2",6,141120,0,141120,"VALID",0,100,0,0
712,207,"SRNO3",6,123840,0,123840,"VALID",0,100,0,0
713,208,"SRNO1",6,122400,0,122400,"VALID",0,100,0,0
714,208,"SRNO2",6,125520,0,125520,"VALID",0,100,0,0
715,208,"SRNO3",6,445500,0,445500,"VALID",0,100,0,0
716,209,"SRNO1",7,1884778,0,1884778,"VALID",0,100,0,0
717,209,"SRNO2",7,126000,0,126000,"VALID",0,100,0,0
718,209,"SRNO3",7,220640,0,220640,"VALID",0,100,0,0
719,209,"SRNO4",7,126000,0,126000,"VALID",0,100,0,0
720,209,"SRNO5",7,587524,0,587524,"VALID",0,100,0,0
721,209,"SRNO6",7,95928,0,95928,"VALID",0,100,0,0
722,209,"SRNO7",7,161000,0,161000,"VALID",0,100,0,0
723,210,"SRNO1",9,127530,0,127530,"VALID",0,100,0,0
724,211,"SRNO1",6,103200,0,103200,"VALID",0,100,0,0
725,212,"SrNo1",6,58500,0,58500,"VALID",0,100,0,0
726,213,"SrNo1",6,186000,0,186000,"VALID",0,100,0,0
727,214,"SrNo1",6,606000,0,606000,"VALID",0,100,0,0
728,215,"SrNo1",6,285984,0,285984,"VALID",0,100,0,0
729,215,"SrNo2",6,272448,0,272448,"VALID",0,100,0,0
731,204,"SrNo1",6,234600,0,234600,"VALID",0,0,100,0
732,216,"SrNo1",6,202020,0,202020,"VALID",0,0,100,0
733,216,"SrNo2",6,2141520,0,2141520,"VALID",0,0,100,0
734,216,"SrNo3",6,196200,0,196200,"VALID",0,0,100,0
735,216,"SrNo4",6,2743700,0,2743700,"VALID",0,0,100,0
736,217,"SrNo1",6,120000,0,120000,"VALID",0,100,0,0
737,218,"SrNo1",6,618000,0,618000,"VALID",0,28,21,51
738,218,"SrNo2",6,927000,0,927000,"VALID",0,28,21,51
739,219,"SrNo1",0,287400,0,287400,,0,100,0,0
740,220,"SrNo1",6,2546808,0,2546808,"VALID",0,0,100,0
741,220,"SrNo2",6,97398,0,97398,"VALID",0,0,100,0
742,220,"SrNo3",6,1317996,0,1317996,"VALID",0,0,100,0
743,220,"SrNo4",6,165660,0,165660,"VALID",0,0,100,0
744,220,"SrNo5",6,2655150,0,2655150,"VALID",0,0,100,0
745,221,"SrNo1",6,94560,0,94560,"VALID",0,0,100,0
746,222,"SrNo1",6,506304,0,506304,"VALID",0,0,100,0
747,223,"SrNo1",6,2024640,0,2024640,"VALID",0,0,100,0
748,224,"SrNo1",6,1209300,0,1209300,"VALID",0,0,100,0
749,267,"SrNo1",6,71496,0,71496,"VALID",0,100,0,0
751,226,"SrNo1",6,216000,0,216000,"VALID",0,100,0,0
752,229,"SrNo1",6,62250,0,62250,"VALID",0,28,21,51
753,271,"SrNo1",6,662400,0,662400,"VALID",0,100,0,0
754,277,"SrNo1",6,411120,0,411120,"VALID",0,0,100,0
755,236,"SrNo1",6,165660,0,165660,"VALID",0,0,100,0
756,239,"SrNo1",6,396000,0,396000,"VALID",0,28,21,51
757,230,"SrNo1",12,1050000,0,1050000,"VALID",0,0,100,0
758,231,"SrNo1",6,283200,0,283200,"VALID",0,0,100,0
759,232,"SrNo1",6,311670,0,311670,"VALID",0,0,100,0
760,233,"SrNo1",5,354000,0,354000,"VALID",0,50,50,0
761,234,"SrNo1",6,204210,0,204210,"VALID",0,0,100,0
762,235,"SrNo1",6,71496,0,71496,"VALID",0,0,100,0
763,235,"SrNo2",6,450150,0,450150,"VALID",0,0,100,0
764,235,"SrNo3",6,388092,0,388092,"VALID",0,0,100,0
765,235,"SrNo4",6,843606,0,843606,"VALID",0,0,100,0
766,235,"SrNo5",6,601464,0,601464,"VALID",0,0,100,0
767,237,"SrNo1",6,486864,0,486864,"VALID",0,50,50,0
768,238,"SrNo1",6,1235310,0,1235310,"VALID",0,50,50,0
769,245,"SrNo2",6,358800,0,358800,"VALID",0,100,0,0
770,240,"SrNo1",3,211500,0,211500,"VALID",0,100,0,0
771,241,"SrNo1",3,738000,0,738000,"VALID",0,100,0,0
772,242,"SrNo1",6,3731340,0,3731340,"VALID",0,100,0,0
773,243,"SrNo1",3,910665,0,910665,"VALID",0,100,0,0
774,244,"SrNo1",6,217698,0,217698,"VALID",0,100,0,0
775,279,"SrNo1",6,164448,0,164448,"VALID",0,100,0,0
777,246,"SrNo1",6,179100,0,179100,"VALID",0,100,0,0
779,295,"SrNo1",6,2311746,0,2311746,"VALID",0,0,100,0
780,287,"SrNo1",6,151200,0,151200,"VALID",0,100,0,0
781,245,"SrNo1",6,513000,0,513000,"VALID",0,100,0,0
782,247,"SrNo2",4,127600,0,127600,"VALID",0,28,21,51
783,247,"SrNo3",4,3376200,0,3376200,"VALID",0,28,21,51
784,247,"SrNo4",4,80000,0,80000,"VALID",0,28,21,51
785,247,"SrNo5",4,326800,0,326800,"VALID",0,28,21,51
786,248,"SrNo2",6,256956,0,256956,"VALID",0,100,0,0
787,248,"SrNo3",6,165660,0,165660,"VALID",0,100,0,0
788,249,"SrNo2",6,165000,0,165000,"VALID",0,100,0,0
789,249,"SrNo3",6,446286,0,446286,"VALID",0,100,0,0
790,250,"SrNo1",6,20160,0,20160,"VALID",0,100,0,0
791,251,"SrNo2",6,120690,0,120690,"VALID",0,100,0,0
792,252,"SrNo1",6,236322,0,236322,"VALID",0,100,0,0
793,253,"SrNo2",6,520044,0,520044,"VALID",0,100,0,0
794,253,"SrNo3",6,58560,0,58560,"VALID",0,100,0,0
795,92,"SrNo2",12,1245000,0,1245000,"VALID",0,0,100,0
796,254,"SrNo1",6,1826940,0,1826940,"VALID",0,0,100,0
798,265,"SrNo1",6,1845000,0,1845000,"VALID",0,100,0,0
799,266,"SrNo1",6,2430654,0,2430654,"VALID",0,100,0,0
803,255,"SrNo2",4,367608,0,367608,"VALID",0,50,50,0
804,256,"SrNo1",6,480000,0,480000,"VALID",0,100,0,0
805,257,"SrNo1",4,748000,0,748000,"VALID",0,28,21,51
806,258,"SrNo1",3,51000,0,51000,"VALID",0,28,21,51
807,259,"SrNo1",3,310800,0,310800,"VALID",0,28,21,51
808,260,"SrNo1",3,453240,0,453240,"VALID",0,28,21,51
809,261,"SrNo1",3,224400,0,224400,"VALID",0,28,21,51
810,262,"SrNo1",6,2393250,0,2393250,"VALID",0,0,100,0
811,263,"SrNo1",6,395952,0,395952,"VALID",0,100,0,0
812,264,"SrNo1",3,3349500,0,3349500,"VALID",0,28,21,51
814,268,"SrNo1",6,339210,0,339210,"VALID",0,100,0,0
815,269,"SrNo1",6,289854,0,289854,"VALID",0,100,0,0
816,270,"SrNo1",6,94560,0,94560,"VALID",0,100,0,0
817,272,"SrNo1",6,168000,0,168000,"VALID",0,100,0,0
818,273,"SrNo1",3,4121100,0,4121100,"VALID",0,28,21,51
819,274,"SrNo1",3,923250,0,923250,"VALID",0,0,100,0
820,275,"SrNo1",3,4209150,0,4209150,"VALID",0,0,100,0
821,276,"SrNo1",2,871872,0,871872,"VALID",0,28,21,51
822,278,"SrNo1",6,54132,0,54132,"VALID",0,0,100,0
823,280,"SrNo1",6,331800,0,331800,"VALID",0,100,0,0
824,281,"SrNo1",1,466000,0,466000,"VALID",0,28,21,51
825,282,"SrNo1",3,3249000,0,3249000,"VALID",0,28,21,51
826,283,"SrNo1",2,1349500,0,1349500,"VALID",0,28,21,51
827,284,"SrNo1",3,3249300,0,3249300,"VALID",,28,21,51
828,285,"SrNo1",2,1620000,0,1620000,"VALID",0,28,21,51
830,288,"SrNo1",3,14978766,0,14978766,"VALID",0,28,21,51
831,289,"SrNo1",3,8191683,0,8191683,"VALID",0,28,21,51
832,290,"SrNo1",3,3487979,0,3487979,"VALID",0,28,21,51
833,291,"SrNo1",3,2466900,0,2466900,"VALID",0,28,21,51
835,292,"SrNo1",1,200640,0,200640,"VALID",0,28,21,51
836,293,"SrNo1",2,1393005,0,1393005,"VALID",0,28,21,51
837,381,"SrNo1",0,0,0,0,"VALID",0,28,21,51
838,294,"SrNo1",3,6928338,0,6928338,"VALID",0,28,21,51
840,296,"SrNo1",3,7264608,0,7264608,"VALID",0,28,21,51
841,297,"SrNo1",6,179100,0,179100,"VALID",0,100,0,0
842,298,"SrNo1",6,4991880,0,4991880,"VALID",0,100,0,0
843,299,"SrNo1",6,4227258,0,4227258,"VALID",0,100,0,0
844,300,"SrNo1",6,3731340,0,3731340,"VALID",0,100,0,0
845,301,"SrNo1",6,693420,0,693420,"VALID",0,100,0,0
846,302,"SrNo1",6,5046120,0,5046120,"VALID",,100,0,0
847,303,"SrNo1",6,1201716,0,1201716,"VALID",0,100,0,0
848,304,"SrNo1",6,1721160,0,1721160,"VALID",0,50,50,0
849,305,"SrNo1",6,2977308,0,2977308,"VALID",0,50,50,0
850,306,"SrNo1",6,5177017,0,5177017,"VALID",0,100,0,0
851,307,"SrNo1",6,6097200,0,6097200,"VALID",0,100,0,0
852,308,"SrNo1",6,2465400,0,2465400,"VALID",0,100,0,0
853,309,"SrNo1",6,8955162,0,8955162,"VALID",0,,100,0
854,310,"SrNo1",6,684000,0,684000,"VALID",0,100,0,0
855,311,"SrNo1",6,2242800,0,2242800,"VALID",0,0,100,0
856,312,"SrNo1",6,5330448,0,5330448,"VALID",0,100,0,0
857,313,"SrNo1",6,2357562,0,2357562,"VALID",0,50,50,0
858,314,"SrNo1",6,58500,0,58500,"VALID",0,100,0,0
859,315,"SrNo1",6,5355954,0,5355954,"VALID",0,0,100,0
860,316,"SrNo1",6,8489640,0,8489640,"VALID",0,100,0,0
861,317,"SrNo1",6,7180488,0,7180488,"VALID",0,28,21,51
862,318,"SrNo1",6,9030060,0,9030060,"VALID",0,28,21,51
863,319,"SrNo1",6,1010160,0,1010160,"VALID",0,28,21,51
864,320,"SrNo1",6,9223006,0,9223006,"VALID",0,28,21,51
865,321,"SrNo1",6,7712400,0,7712400,"VALID",0,28,21,51
866,322,"SrNo1",6,102000,0,102000,"VALID",0,28,21,51
867,323,"SrNo1",6,7453800,0,7453800,"VALID",0,28,21,51
868,324,"SrNo1",6,7424757,0,7424757,"VALID",0,28,21,51
869,325,"SrNo1",6,8436000,0,8436000,"VALID",0,28,21,51
870,326,"SrNo1",6,1719000,0,1719000,"VALID",0,28,21,51
871,327,"SrNo1",6,9270600,0,9270600,"VALID",0,28,21,51
872,328,"SrNo1",6,4808940,0,4808940,"VALID",0,28,21,51
873,329,"SrNo1",6,8116248,0,8116248,"VALID",0,28,21,51
874,330,"CSE-2",6,7908146,0,7908146,"VALID",0,28,21,51
875,331,"SrNo1",6,9182382,0,9182382,"VALID",0,28,21,51
876,332,"SrNo1",6,7031610,0,7031610,"VALID",0,0,100,0
877,333,"SrNo1",6,4109340,0,4109340,"VALID",0,0,100,0
878,334,"SrNo1",6,5467443,0,5467443,"VALID",0,0,100,0
879,335,"SrNo1",6,1209300,0,1209300,"VALID",0,0,100,0
880,336,"SrNo1",6,2690814,0,2690814,"VALID",0,100,0,0
881,337,"SrNo1",6,248322,0,248322,"VALID",0,100,0,0
882,338,"SrNo1",6,813726,0,813726,"VALID",0,50,50,0
883,339,"SrNo1",6,1426212,0,1426212,"VALID",0,100,0,0
884,340,"SrNo1",6,241920,0,241920,"VALID",0,100,0,0
885,341,"SrNo1",6,1528518,0,1528518,"VALID",0,100,0,0
886,342,"SrNo1",6,1821330,0,1821330,"VALID",0,100,0,0
887,343,"SrNo1",6,1476000,0,1476000,"VALID",0,100,0,0
888,344,"SrNo1",6,4724465,0,4724465,"VALID",0,100,0,0
889,345,"SrNo1",6,279420,0,279420,"VALID",0,50,50,0
890,346,"SrNo1",6,8308374,0,8308374,"VALID",0,100,0,0
891,347,"SrNo1",6,235200,0,235200,"VALID",0,100,0,0
892,348,"SrNo1",6,3281700,0,3281700,"VALID",0,100,0,0
893,349,"SrNo1",6,7022400,0,7022400,"VALID",0,100,0,0
894,350,"SrNo1",6,1652700,0,1652700,"VALID",0,0,100,0
895,351,"SrNo1",6,1629474,0,1629474,"VALID",0,100,0,0
896,352,"SrNo1",6,991200,0,991200,"VALID",0,50,50,0
897,353,"SrNo1",6,708000,0,708000,"VALID",0,50,50,0
898,354,"SrNo1",6,723270,0,723270,"VALID",0,100,0,0
899,355,"SrNo1",6,6051570,0,6051570,"VALID",0,28,21,51
900,356,"SrNo1",6,7485000,0,7485000,"VALID",0,28,21,51
901,357,"SrNo1",6,838800,0,838800,"VALID",0,50,50,0
902,358,"SrNo1",6,2109000,0,2109000,"VALID",0,28,21,51
903,359,"SrNo1",6,9583800,0,9583800,"VALID",0,28,21,51
904,360,"SrNo1",6,7653132,0,7653132,"VALID",0,28,21,51
905,361,"SrNo1",6,6307578,0,6307578,"VALID",0,28,21,51
906,362,"SrNo1",6,3480000,0,3480000,"VALID",0,28,21,51
907,363,"SrNo1",6,7784430,0,7784430,"VALID",0,28,21,51
908,364,"SrNo1",6,7688064,0,7688064,"VALID",0,28,21,51
909,365,"SrNo1",6,834600,0,834600,"VALID",0,100,0,0
910,366,"SrNo1",6,5602034,0,5602034,"VALID",0,28,21,51
911,367,"SrNo1",6,3228000,0,3228000,"VALID",0,0,100,0
912,368,"SrNo1",6,2129472,0,2129472,"VALID",0,28,21,51
913,369,"SrNo1",6,216000,0,216000,"VALID",0,100,0,0
914,370,"SrNo1",6,9998101,0,9998101,"VALID",0,28,21,51
915,371,"SrNo1",6,4808454,0,4808454,"VALID",0,28,21,51
916,372,"SrNo1",6,9493932,0,9493932,"VALID",0,28,21,51
917,373,"SrNo1",6,8074748,0,8074748,"VALID",0,28,21,51
918,374,"SrNo1",6,7722444,0,7722444,"VALID",0,28,21,51
919,375,"SrNo1",6,7159924,0,7159924,"VALID",0,0,100,0
920,376,"SrNo1",6,6192584,0,6192584,"VALID",0,0,100,0
921,377,"SrNo1",6,7746778,0,7746778,"VALID",0,0,100,0
922,378,"SrNo1",6,8541150,0,8541150,"VALID",0,0,100,0
923,379,"SrNo1",6,6498042,0,6498042,"VALID",0,28,21,51
925,380,"SrNo1",2,40000,0,40000,"VALID",0,100,0,0
927,385,"SrNo1",4,926920,0,926920,"ND 1951",0,100,0,0
928,384,"SrNo1",4,744960,0,744960,"MAPROJ/2016/1/00M1.1  009/2016",0,100,0,0
929,382,"SrNo1",6,2206890,0,2206890,"VALID",0,0,100,0
932,383,"SrNo1",4,288000,0,288000,"VALID",0,100,0,0
933,396,"SrNo1",6,214200,0,214200,"VALID",0,100,0,0
934,390,"SrNo1",6,272322,0,272322,"DS&CE/2016/1165",0,100,0,0
935,388,"SrNo1",6,1203000,0,1203000,"OSS DEVELOPMENT & OPERTAION BATCH2",0,100,0,0
936,394,"SrNo1",6,1060146,0,1060146,"ES&DC/PM/FMC/02/2016 25 STAFF FOR POWER",0,100,0,0
937,387,"SrNo1",3,87600,0,87600,"MAPROJ/IBS/8SL",0,100,0,0
938,389,"SrNo1",6,603600,0,603600,"ES&DC/PTE-Cloud-1-2016-1",0,100,0,0
940,398,"SrNo1",3,522795,0,522795,"NEW TBS ND-1A",0,100,0,0
944,386,"SrNo1",6,3866400,0,3866400,"VALID",0,100,0,0
945,398,"SrNo1",3,522795,0,522795,"New TBS for ND-1.B",0,100,0,0
947,2,"SrNo1",0,0,0,0,"MN.MAPROJ.08.2016",0,100,0,0
948,3,"SrNo1",0,0,0,0,"Tamdeed Staff without PO",0,0,0,0
949,392,"SrNo1",6,1569300,0,1569300,"DC&DCS/PTE-Cloud-9-2016-2",0,100,0,0
950,397,"SrNo1",6,372000,0,372000,"DS&CE (Staff Requirement for Big Data).002",0,100,0,0
951,536,"SrNo1",6,1333200,0,1333200,"ND.MOTIVE RESOURCES.15 STAFF",0,100,0,0
953,505,"SrNo1",6,108000,0,108000,"NFV/SDN.ND_12 Staff",0,100,0,0
955,2,"SrNo1",0,0,0,0,"HO/ENG/PROJ/2016/340",0,100,0,0
957,393,"SrNo1",5,1597139,0,1597139,"VALID",0,28,21,51
958,204,"SrNo1",0,0,0,0,"Pecific Control -9 Staff IOT",0,0,0,0
959,4,"SrNo1",0,0,0,0,,0,0,0,0
960,2,"SrNo1",0,0,0,0,"MN/Operations/MNPReplacement1",0,100,0,0
961,2,"SrNo1",0,0,0,0,"Network Sucurity - Sunrise Project (12 Staff)",0,100,0,0
962,395,"SrNo1",5,1232894,0,1232894,"VALID",0,50,50,0
963,399,"SrNo1",5,261054,0,261054,"VALID",0,100,0,0
964,400,"SrNo1",6,395400,0,395400,"VALID",0,100,0,0
965,401,"SrNo1",7,2697037,0,2697037,"VALID",0,100,0,0
966,403,"SrNo1",6,75210,0,75210,"VALID",0,0,0,0
967,404,"SrNo1",6,101550,0,101550,"VALID",0,0,0,0
968,405,"SrNo1",6,154932,0,154932,"VALID",0,0,0,0
969,406,"SrNo1",6,1978200,0,1978200,"Valid",0,0,0,0
970,407,"SrNo1",6,2929638,0,2929638,"Valid",0,0,0,0
971,408,"SrNo1",6,3792120,0,3792120,"Valid",0,0,0,0
972,409,"SrNo1",6,12684244,0,12684244,"Valid",0,0,0,0
973,410,"SrNo1",6,6358416,0,6358416,"Valid",0,0,0,0
974,411,"SrNo1",6,7228278,0,7228278,"Valid",0,0,0,0
975,412,"SrNo1",6,11231484,0,11231484,"Valid",0,0,0,0
976,413,"SrNo1",6,17786800,0,17786800,"Valid",0,0,0,0
977,414,"SrNo1",6,9890880,0,9890880,"Valid",0,0,0,0
978,415,"SrNo1",6,886182,0,886182,"Valid",0,0,0,0
979,416,"SrNo1",6,19891512,0,19891512,"Valid",0,0,0,0
980,417,"SrNo1",6,19147908,0,19147908,"Valid",0,0,0,0
981,418,"SrNo1",6,27902801,0,27902801,"Valid",0,0,0,0
982,419,"SrNo1",6,10169262,0,10169262,"Valid",0,0,0,0
983,420,"SrNo1",6,854130,0,854130,"Valid",0,0,0,0
984,421,"SrNo1",6,2100222,0,2100222,"Valid",0,0,0,0
985,422,"SrNo1",6,9016998,0,9016998,"Valid",0,0,0,0
986,423,"SrNo1",6,13386600,0,13386600,"Valid",0,0,0,0
987,424,"SrNo1",6,1005000,0,1005000,"Valid",0,0,0,0
988,425,"SrNo1",6,1858860,0,1858860,"Valid",0,0,0,0
989,426,"SrNo1",6,1911000,0,1911000,"Valid",0,0,0,0
990,427,"SrNo1",6,396420,0,396420,"Valid",0,0,0,0
991,428,"SrNo1",6,714882,0,714882,"Valid",0,0,0,0
992,429,"SrNo1",6,4365090,0,4365090,"Valid",0,0,0,0
993,430,"SrNo1",6,3840654,0,3840654,"Valid",0,0,0,0
994,431,"SrNo1",6,877800,0,877800,"Valid",0,0,0,0
995,432,"SrNo1",6,2357562,0,2357562,"Valid",0,0,0,0
996,433,"SrNo1",6,684750,0,684750,"Valid",0,0,0,0
997,434,"SrNo1",6,259974,0,259974,"Valid",0,0,0,0
998,435,"SrNo1",6,1309380,0,1309380,"Valid",0,0,0,0
999,436,"SrNo1",6,2727743,0,2727743,"Valid",0,0,0,0
1000,437,"SrNo1",6,198000,0,198000,"Valid",0,0,0,0
1001,438,"SrNo1",6,178620,0,178620,"Valid",0,0,0,0
1002,439,"SrNo1",6,309600,0,309600,"Valid",0,0,0,0
1003,440,"SrNo1",6,66240,0,66240,"Valid",0,0,0,0
1004,441,"SrNo1",6,323160,0,323160,"Valid",0,0,0,0
1005,442,"SrNo1",6,2480640,0,2480640,"Valid",0,0,0,0
1006,443,"SrNo1",6,120000,0,120000,"Valid",0,0,0,0
1007,444,"SrNo1",6,765408,0,765408,"Valid",0,0,0,0
1008,445,"SrNo1",6,732000,0,732000,"Valid",0,0,0,0
1009,446,"SrNo1",6,506304,0,506304,"Valid",0,0,0,0
1010,447,"SrNo1",6,281310,0,281310,"Valid",0,0,0,0
1011,448,"SrNo1",6,1963324,0,1963324,"Valid",0,0,0,0
1012,449,"SrNo1",6,431527,0,431527,"Valid",0,0,0,0
1013,450,"SrNo1",6,378924,0,378924,"Valid",0,0,0,0
1014,451,"SrNo1",6,124500,0,124500,"Valid",0,0,0,0
1015,452,"SrNo1",6,623094,0,623094,"Valid",0,0,0,0
1016,453,"SrNo1",6,3208200,0,3208200,"Valid",0,0,0,0
1017,454,"SrNo1",6,258000,0,258000,"Valid",0,0,0,0
1018,455,"SrNo1",6,997500,0,997500,"Valid",0,0,0,0
1019,456,"SrNo1",6,12996937,0,12996937,"Valid",0,0,0,0
1020,457,"SrNo1",6,44230,0,44230,"Valid",0,0,0,0
1021,458,"SrNo1",6,1770118,0,1770118,"Valid",0,0,0,0
1022,459,"SrNo1",6,164958,0,164958,"Valid",0,0,0,0
1023,460,"SrNo1",6,7064454,0,7064454,"Valid",0,0,0,0
1024,461,"SrNo1",6,9770664,0,9770664,"Valid",0,0,0,0
1025,462,"SrNo1",6,2343600,0,2343600,"Valid",0,0,0,0
1026,463,"SrNo1",6,450545,0,450545,"Valid",0,0,0,0
1027,464,"SrNo1",6,624300,0,624300,"Valid",0,0,0,0
1028,465,"SrNo1",6,3844680,0,3844680,"Valid",0,0,0,0
1029,466,"SrNo1",6,1034820,0,1034820,"Valid",0,0,0,0
1030,467,"SrNo1",6,141120,0,141120,"Valid",0,0,0,0
1031,468,"SrNo1",6,633900,0,633900,"Valid",0,0,0,0
1032,469,"SrNo1",6,46860,0,46860,"Valid",0,0,0,0
1033,470,"SrNo1",6,122100,0,122100,"Valid",0,0,0,0
1034,471,"SrNo1",6,2936659,0,2936659,"Valid",0,0,0,0
1035,472,"SrNo1",6,3673566,0,3673566,"Valid",0,0,0,0
1036,473,"SrNo1",6,429828,0,429828,"Valid",0,0,0,0
1037,474,"SrNo1",6,1559052,0,1559052,"Valid",0,0,0,0
1038,475,"SrNo1",6,17246988,0,17246988,"Valid",0,0,0,0
1039,476,"SrNo1",6,29778330,0,29778330,"Valid",0,0,0,0
1040,477,"SrNo1",6,4959570,0,4959570,"Valid",0,0,0,0
1041,478,"SrNo1",6,2347932,0,2347932,"Valid",0,0,0,0
1042,479,"SrNo1",6,1726500,0,1726500,"Valid",0,0,0,0
1043,480,"SrNo1",6,4205940,0,4205940,"Valid",0,0,0,0
1044,481,"SrNo1",6,4730444,0,4730444,"Valid",0,0,0,0
1045,482,"SrNo1",6,72600,0,72600,"Valid",0,0,0,0
1046,483,"SrNo1",6,660000,0,660000,"Valid",0,0,0,0
1047,484,"SrNo1",6,3279475,0,3279475,"Valid",0,0,0,0
1048,485,"SrNo1",6,433200,0,433200,"Valid",0,0,0,0
1049,486,"SrNo1",6,317040,0,317040,"Valid",0,0,0,0
1050,487,"SrNo1",6,918498,0,918498,"Valid",0,0,0,0
1051,488,"SrNo1",6,1569570,0,1569570,"Valid",0,0,0,0
1052,489,"SrNo1",6,2689500,0,2689500,"Valid",0,0,0,0
1053,490,"SrNo1",6,48900,0,48900,"Valid",0,0,0,0
1054,491,"SrNo1",6,2753280,0,2753280,"Valid",0,0,0,0
1055,492,"SrNo1",6,5488020,0,5488020,"Valid",0,0,0,0
1056,493,"SrNo1",6,2712600,0,2712600,"Valid",0,0,0,0
1057,494,"SrNo1",6,2050590,0,2050590,"Valid",0,0,0,0
1058,495,"SrNo1",6,1675470,0,1675470,"Valid",0,0,0,0
1059,496,"SrNo1",6,3863110,0,3863110,"Valid",0,0,0,0
1060,497,"SrNo1",6,3596400,0,3596400,"Valid",0,0,0,0
1061,498,"SrNo1",6,425400,0,425400,"Valid",0,0,0,0
1062,499,"SrNo1",6,4996860,0,4996860,"Valid",0,0,0,0
1063,500,"SrNo1",6,3164310,0,3164310,"Valid",0,0,0,0
1064,501,"SrNo1",6,7849368,0,7849368,"Valid",0,0,0,0
1065,502,"SrNo1",6,1609500,0,1609500,"Valid",0,0,0,0
1066,503,"SrNo1",6,252000,0,252000,"VALID",,100,0,0
1067,504,"SrNo1",6,595920,0,595920,"VALID",0,0,100,0
1068,506,"SrNo1",6,3200,0,3200,"VALID",0,100,0,0
1069,507,"SrNo1",6,479400,0,479400,"VALID",0,100,0,0
1070,508,"SrNo1",6,916404,0,916404,"VALID",0,100,0,0
1071,509,"SrNo1",6,345000,0,345000,"VALID",0,100,0,0
1072,510,"SrNo1",6,252000,0,252000,"VALID",0,100,0,0
1073,511,"SrNo1",6,53603,0,53603,"VALID",0,0,100,0
1074,512,"SrNo1",6,267989,0,267989,"VALID",0,0,100,0
1075,513,"SrNo1",6,285004,0,285004,"VALID",0,0,100,0
1076,550,"SrNo1",6,515888,0,515888,"VALID",0,0,100,0
1077,515,"SrNo1",6,45300,0,45300,"VALID",0,100,0,0
1078,516,"SrNo1",4,1563540,0,1563540,"VALID",0,0,100,0
1079,517,"SrNo1",5,1156493,0,1156493,,0,50,50,0
1080,518,"SrNo1",5,669252,0,669252,"VALID",0,0,100,0
1081,519,"SrNo1",5,303235,0,303235,"VALID",0,0,100,0
1082,520,"SrNo1",6,107243,0,107243,"VALID",0,100,0,0
1083,521,"SrNo1",6,2001270,0,2001270,"VALID",0,28,21,51
1084,522,"SrNo1",6,2331961,0,2331961,"VALID",0,50,50,
1085,524,"SrNo1",6,911443,0,911443,"VALID",0,100,0,0
1086,523,"SrNo1",6,612300,0,612300,"VALID",0,0,100,0
1087,525,"SrNo1",6,229692,0,229692,,0,0,0,0
1088,526,"SrNo1",6,1777486,0,1777486,"VALID",0,0,0,0
1089,527,"SrNo1",6,293316,0,293316,"VALID",0,0,0,0
1090,528,"SrNo1",6,399500,0,399500,"VALID",0,0,0,0
1091,529,"SrNo1",6,97200,0,97200,"VALID",0,0,0,0
1092,530,"SrNo1",6,398766,0,398766,"VALID",0,0,0,0
1093,531,"SrNo1",6,488868,0,488868,"VALID",0,0,0,0
1094,532,"SrNo1",6,6,3953448,3953448,"VALID",0,0,0,0
1095,533,"SrNo1",6,154230,0,154230,"VALID",0,0,0,0
1096,534,"SrNo1",6,263097,0,263097,"VALID",0,0,0,0
1097,536,"SrNo1",6,1536500,0,1536500,"VALID",0,0,0,0
1098,537,"SrNo1",6,183120,0,183120,"VALID",0,0,100,0
1099,538,"SrNo1",6,2790000,0,2790000,"VALID",0,0,0,0
1100,539,"SrNo1",6,514620,0,514620,"VALID",0,0,0,0
1101,540,"SrNo1",4,328188,0,328188,"VALID",0,0,0,0
1102,543,"SrNo1",6,144000,0,144000,"VALID",0,0,0,0
1103,544,"SrNo1",6,183624,0,183624,"VALID",0,0,0,0
1104,545,"SrNo1",6,282558,0,282558,"VALID",0,0,0,0
1105,546,"SrNo1",6,2394000,0,2394000,"VALID",0,0,0,0
1106,547,"SrNo1",3,91812,0,91812,"VALID",0,0,0,0
1107,542,"SrNo1",4,196908,0,196908,,0,0,0,0
1108,548,"SrNo1",4,600000,0,600000,"VALID",0,0,0,0
1109,541,"SrNo1",4,157284,0,157284,"VALID",0,0,0,0
1110,549,"SrNo1",3,798000,0,798000,"VALID",0,0,0,0
1111,551,"SrNo1",4,1164000,0,1164000,"VALID",0,0,0,0
1112,552,"SrNo1",2,59202,0,59202,"VALID",0,0,0,0
1113,553,"SrNo1",12,299040,0,299040,"VALID",0,0,0,0
1114,554,"SrNo1",6,136800,0,136800,"VALID",0,0,0,0
1115,555,"SrNo1",2,46800,0,46800,"VALID",0,0,0,0
1116,556,"SrNo1",3,102000,0,102000,"VALID",0,0,0,0
1117,557,"SrNo1",2,173200,0,173200,"VALID",0,0,0,0
1118,558,"SrNo1",2,265195,0,265195,"VALID",0,0,0,0
1119,559,"SrNo1",2,320400,0,320400,"VALID",0,0,0,0
1120,560,"SrNo1",2,91200,0,91200,"VALID",0,0,0,0
1121,561,"SrNo1",2,25942,0,25942,"VALID",0,0,0,0
1122,562,"SrNo1",2,88000,0,88000,"VALID",0,0,0,0
1123,563,"SrNo1",2,174574,0,174574,"VALID",0,0,0,0
1124,564,"SrNo1",2,80000,0,80000,"VALID",0,0,0,0
